0 0.6359375 0.7 0.29140625 0.5640625
0 0.2578125 0.5265625 0.21640625 0.18359375
0 0.0734375 0.475 0.10703125 0.09765625
0 0.5015625 0.41484375 0.075 0.0609375
2 0.60859375 0.64140625 0.2078125 0.6765625
2 0.72265625 0.29921875 0.18203125 0.253125
2 0.525 0.3890625 0.0515625 0.078125
2 0.25546875 0.48671875 0.18203125 0.246875
2 0.128125 0.40546875 0.11796875 0.1015625
2 0.06484375 0.45234375 0.1296875 0.12578125
3 0.728125 0.32734375 0.228125 0.14921875
3 0.11796875 0.4140625 0.08671875 0.05859375