0 0.34390752890025533 0.708915381103604 0.42725911427754254 0.572894560041765
0 0.7288377730277606 0.49085908524760374 0.27414350831327033 0.24683686223247853
0 0.9189519591585646 0.395559642452882 0.13644962852981452 0.1288644490629279
0 0.44735810398571524 0.4264545705996204 0.09450616943775678 0.08236988229073816
2 0.3644078970052286 0.6482135618241317 0.362009850487489 0.6912066393503672
2 0.19039270163671737 0.3511891122989855 0.25266096489804546 0.31334240063313823
2 0.41835256558505546 0.40388088862545135 0.07304034639736087 0.09579588479802066
2 0.7254005359598843 0.4480267275674718 0.2508711443649322 0.3054844365265156
2 0.848963719583406 0.3328072413575254 0.15069398495630537 0.135523626022532
2 0.9157731348645276 0.37067330271943877 0.14985891066226814 0.16047816191590938
3 0.1887249015575751 0.3816805943522968 0.2793478338609485 0.21108121865896923
3 0.8612363990502926 0.34025602850454395 0.10700616943775679 0.08273359514371963