0 0.6553450979074134 0.6317708022657963 0.3694998134149962 0.6290311074778214
0 0.2568268765913671 0.5347372398275304 0.24151698002863506 0.22905257303494259
0 0.06575698126195784 0.520334888172501 0.12004087468172657 0.11993583693238996
0 0.4889410372772298 0.3758671122284844 0.08363066000954511 0.07658765601864026
2 0.6216155352482766 0.5789068340093828 0.30038728142899557 0.7268281448204854
2 0.6976449699634107 0.21642922218188376 0.21728059603754382 0.2927831863123343
2 0.5095898919478206 0.3454216730163651 0.06191929201145392 0.08899256763635792
2 0.2494780005967759 0.4954854856783456 0.215645370703362 0.2864147871421713
2 0.11274161660568463 0.44027961265269167 0.13259541868236294 0.12557053029369403
2 0.06311597597072863 0.496589734853153 0.12623195194145725 0.15057053029369402
3 0.7067017966263656 0.24306257716090557 0.24894767202418072 0.19683206888575774
3 0.10402968793763923 0.4510870580885883 0.09456816000954502 0.07741645020978147