2 0.2116831998087961 0.673523557304583 0.2620123186852651 0.5490990472198144
2 0.8046859933752373 0.6439171549017578 0.0870300937808672 0.20628824769092588
2 0.7086505203449391 0.5850705437329617 0.05516294191141178 0.1134760311027776
2 0.56298282283445 0.5676698473143509 0.03629454274124875 0.11027311866166656
2 0.5274238311328198 0.5490374245056472 0.03716995850815117 0.08085902073518518
2 0.3092425161957542 0.5578875783225921 0.06337910622842173 0.18093693317629622
2 0.9846989217901871 0.6074013308680074 0.030602156419625715 0.08595662384546295
1 0.78526148715146 0.6538587914238875 0.11472811867597628 0.16214726842611088
1 0.5615862661957542 0.579964795759212 0.04881785352912935 0.09119092799249984
1 0.7055138649509988 0.5948850411410636 0.07296574855010754 0.10261644354388863
1 0.5223102786433088 0.5532464708769897 0.04571616431700996 0.0707417269557407
1 0.9814142674335431 0.6209853772393501 0.037171465132913896 0.0816792269557407
0 0.19446073362697508 0.7022835443450923 0.27543435602792904 0.4804269596609256