2 0.8517574021635422 0.6407530851983664 0.24245252450437532 0.559135367244561
2 0.23707469348232685 0.5419005938803094 0.0798005220358335 0.2097431811410811
2 0.01563545136611156 0.5373544507857883 0.009450348023889004 0.13779109842842346
2 0.33522059954250044 0.49118565632908756 0.05105596656500007 0.11475601282028158
2 0.48458481990722263 0.49048568135047815 0.030743466565000155 0.11380994292790536
2 0.5217575115865977 0.4746765907799375 0.034667247150208344 0.08121576674922296
2 0.7470309217308337 0.509545934660247 0.05581750816812523 0.1852140620344933
2 0.043305203265972626 0.4828831205543299 0.03946384992375007 0.08612159057054072
1 0.2569332518029519 0.5550534112914862 0.1114856267092362 0.16283394789030403
1 0.4864382606366672 0.5029129067433723 0.04585932028847246 0.09266268899896399
1 0.3378189226807643 0.5020139944184286 0.06955139342673622 0.10469180810555194
1 0.5265722981557296 0.47992701695862 0.04378767401194459 0.07071491439185813
1 0.04911944538218792 0.49747215942945944 0.04407861474138895 0.08321491439185813
0 0.8703807157572397 0.6735099272166488 0.25923856848552057 0.48657116252983135