1 0.5760043520846325 0.656563415248553 0.3295111600890868 0.6749970839044008
1 0.03774018873326966 0.49249060786427296 0.06464430267345422 0.05373121572854593
2 0.5822447140754056 0.5890041889260764 0.3214452161043589 0.7869510523343697
2 0.8245492980585427 0.47898225974688485 0.07531017735518084 0.1652147472985769
2 0.9723669906906351 0.4963580174982182 0.055266018618729616 0.17689569994353035
2 0.3561901967297698 0.4852744312453301 0.06319198535963517 0.1972992052052021
2 0.24694246606458795 0.4898415629283007 0.08370448002863506 0.21566977360693612
2 0.17144302673454231 0.509646557737216 0.06204656134627218 0.0988617052052021
2 0.04093791406745144 0.49892261838761665 0.07162155601527202 0.11659523677523324
2 0.0868674847230883 0.4204027762377721 0.04907384667409056 0.0575086631118273
2 0.02672941605663376 0.418461573663406 0.04429544000636334 0.0494231473268119
0 0.9647453946928625 0.518559241189859 0.07050921061427502 0.15749325256024882
0 0.8357595180617243 0.5030567965785877 0.08294086401972649 0.15004477360693613
0 0.37204246339908786 0.5057157338620486 0.09902039735836254 0.19001732622365458
1 0.22362314473263334 0.49863273400322294 0.12102266669318062 0.20222889988706055