3 0.672188540305733 0.6505104800029157 0.4081602413731506 0.5880737343837101
3 0.9325622196584987 0.3108520406023536 0.05691627153942491 0.07686248184962743
2 0.34877245566064224 0.5180717264868742 0.25965776735205104 0.40759537314378347
2 0.6401733518219149 0.549956488979906 0.35500239038441495 0.6096305718159236
2 0.8606436609923083 0.35656451640185677 0.15151821337743776 0.178934041958086
2 0.9167951080261012 0.29063953455222935 0.09645937278026225 0.12863406010845857
2 0.07447620407115838 0.5385443495324618 0.14895240814231675 0.24478630093507653
0 0.07536136087609281 0.5697761688143025 0.15072272175218562 0.17919766237139498
0 0.3506027534310693 0.5477365005891752 0.2709780435830531 0.3014544574527388
0 0.8639271981190737 0.3877827001450781 0.17702095792955602 0.14159766842151916
3 0.9259298074056825 0.31635715203867204 0.07297831411407181 0.08320338544042354