2 0.3683285188711255 0.6386799718530826 0.40418063011266014 0.7226400562938349
2 0.050973815122837066 0.3432982194629016 0.10194763024567413 0.2834714389258032
2 0.6997473180923379 0.4839403246400904 0.09994983887551356 0.16548290252860873
2 0.7701591064929978 0.5119337191491345 0.07936455423577744 0.1548062183831675
2 0.8401078936400163 0.5289395488833539 0.08731344655564541 0.1599943661314139
0 0.34474861487277497 0.6978547127537839 0.3694298939027137 0.6042905744924323
1 0.05599210415031747 0.3663549876614989 0.11198420830063494 0.2138598457733484
2 0.595332602732074 0.4678566448135859 0.07179609514371954 0.1090932001845701
2 0.648593995051942 0.46657354950166285 0.049148205331134065 0.08112888648947969
2 0.30015414654301015 0.36362571560539025 0.04088106426490725 0.06500323874123301
0 0.5937246386254513 0.46931901526393655 0.05494356426490725 0.06590440468807693
0 0.64135815657214 0.4731542165282409 0.05646060015828454 0.06444203423772628
0 0.700718784706243 0.5043529541897398 0.09118259263643722 0.13216975478036197
0 0.7689004833734596 0.5282899043743099 0.09462584138279588 0.14330751387966068
0 0.8353521974800822 0.5309829102344061 0.07519387978345585 0.1186684592838688
0 0.29608877216983076 0.36884414173126695 0.030778638558944315 0.039402461443337075