1 0.45916855223979214 0.5745717369748305 0.3897652420193062 0.6518409057054058
1 0.9677284944425871 0.4997384793263448 0.06454301111482579 0.05981595574818712
2 0.4608206647969796 0.5111449377606189 0.3983427678548617 0.7521320041338292
2 0.2496441626127781 0.37629271050569796 0.09110039152687514 0.158762877997928
2 0.10562140567892393 0.3712692243594368 0.08979246466513904 0.1696276033908221
2 0.6775165491056601 0.44630538006935183 0.08394250816812523 0.18652400496239868
2 0.7773171805645491 0.46668419251812987 0.10625391926229177 0.20629284946188076
2 0.8429064661837504 0.4956952963232368 0.06936955547083343 0.09687930810555194
2 0.961996079406528 0.5062431904512152 0.076007841186944 0.11813787799792799
2 0.9304051597629865 0.42435964371820295 0.052871733282499986 0.05865156203449331
2 0.9802733007211806 0.43349489516594497 0.03945339855763876 0.05389128742738745
0 0.10763850056868089 0.39072769975233096 0.10509015634451399 0.15629284946188077
0 0.2375805737069448 0.39562490736254485 0.09549695079743063 0.14648120181924557
0 0.660710908813056 0.4635121507475162 0.11508340539458359 0.18329199710451577
1 0.7979024374984032 0.4774568726257537 0.1372857137152085 0.19837334160399783