2 0.6804738695879509 0.6629939659055044 0.26062325588701435 0.6606669693666347
2 0.15224172644555506 0.5730727786441829 0.249066200416181 0.5668078813653622
2 0.32622474031326343 0.5476171506206385 0.21032839589527813 0.4460772106938169
2 0.4289496968102773 0.5636046826066391 0.1733362357510421 0.40034654002227155
2 0.5673952541809718 0.5213797252546399 0.1874364097629865 0.4692419906906352
2 0.7996213002494091 0.7787633218889597 0.19579311720993076 0.4256010786919079
2 0.844611064401458 0.5572059478835507 0.11224803970326391 0.12471019334818116
2 0.905166704694062 0.5729031258752786 0.10461737765916687 0.1324317866804538
2 0.9510578201010411 0.715299163868597 0.06617704597152815 0.36004770934118147
0 0.9348321016361798 0.7748468865372787 0.07533253400368096 0.2836124786759996
0 0.900551286666041 0.603417329209142 0.06907861474138884 0.08203179734245403
0 0.8154086479889576 0.8387195772199597 0.16799281268902783 0.30499767735518085
0 0.5686297926499648 0.5690087032543218 0.1482985617390975 0.33132382001909005
0 0.43530814637343707 0.5924291166056846 0.138305312689028 0.3046522320178173
0 0.3232984556439925 0.606229081954184 0.18623497283326423 0.3505101720241807
0 0.13997680936746476 0.630231297979001 0.24546580888930594 0.4121203813653622
3 0.7056725849186799 0.7212786332352318 0.2297706865484727 0.5431522053628168