2 0.7093838493364806 0.6626085476044662 0.3477190362670056 0.6210649310259504
2 0.1953528994635375 0.5555462358665058 0.32504039946353747 0.5793753980092637
2 0.3679181442018657 0.5449352052246683 0.269686499576477 0.45808689620024123
2 0.4680847441736308 0.5694638144514939 0.22789384172632143 0.40916471732199755
2 0.604955412617717 0.5379980512225109 0.25046606271653926 0.4757723631835544
2 0.8203885097468848 0.7790380517883377 0.24758471544619703 0.37281113749381395
2 0.8755479046546221 0.5959112912728881 0.1263034367187636 0.1359109237898611
2 0.933898730948864 0.6155786601106522 0.12041745776545092 0.14183337516934208
2 0.9571459431193855 0.7599118362753625 0.08570811376122904 0.3538420522385636
0 0.947721223338705 0.8158276436023086 0.10455755332259002 0.27892393939369314
0 0.9278153309206292 0.645675595886301 0.07835178413027961 0.08822369629109836
0 0.8332217096904151 0.8379217288575592 0.20316831555913667 0.2520958457707
0 0.6045605704678726 0.5850368255327704 0.1926396102127601 0.3387769742194024
0 0.47206658888372405 0.5974659837187992 0.17859252076433876 0.31155937697836433
0 0.36264608625288813 0.6024168345778819 0.2330671891378379 0.36426165309764613
0 0.18135058362205222 0.611134494572933 0.2992984048663837 0.4315996393028364
3 0.730719794018339 0.7194793453204741 0.29879714690328874 0.5032289778374471