2 0.8374034150155399 0.6158237057526963 0.29186239991443763 0.60917390860089
2 0.667934285155585 0.5052244617485522 0.20118162613590124 0.3024829528527029
2 0.5418983240307146 0.5165515676205737 0.2076841832079957 0.2747218258882322
2 0.4124248397464802 0.5849463107961482 0.14706770678164424 0.1783519400324213
2 0.2188503141059171 0.690627038255957 0.3106080918088857 0.543005253100372
3 0.1799483258927414 0.7392122415229446 0.2195035947043698 0.4280651497095498
0 0.8443768529810466 0.6669495581100611 0.268309275845451 0.5051756133156197
0 0.6675682580672799 0.5465579371414464 0.20982457195929066 0.22025264970954977
0 0.5465280119962213 0.5677865818885974 0.1940540227450791 0.21639990363849115
0 0.43179126985410415 0.6043127409037721 0.1669777923897861 0.13718328453190337
2 0.28446250558608044 0.6041586912752756 0.1461216368892682 0.1580394400324213
2 0.284954811210433 0.5768513285788286 0.12726893713693724 0.25538532092583355