2 0.4007514910368305 0.6056852267459997 0.43976155184586607 0.7580517785862593
2 0.0822308787084329 0.3290588974679861 0.1644617574168658 0.2869525103821694
2 0.7394785064987819 0.3900176402107629 0.1065045757634536 0.16171031570031094
2 0.8070965701342641 0.40940540606636555 0.08698930121764618 0.15124325256024881
2 0.8748899769520049 0.4171199245528042 0.0936219384905499 0.15629477360693614
0 0.37493854800435267 0.6647262977785697 0.40063566578091053 0.6406976786144941
1 0.08628071438923716 0.3491893869446424 0.17256142877847433 0.2208570735222315
2 0.6371187810445891 0.3866489874811049 0.07560552000387943 0.10703822625188959
2 0.6898451683174928 0.37891281121509796 0.05312474212409235 0.07929265785015546
2 0.351818751956854 0.31929197141374066 0.044036784547746864 0.06321263154179624
0 0.6353649624081373 0.3890837427427768 0.056664330305381407 0.06550317363517104
0 0.6822399624081373 0.3863535848926213 0.059534238790112326 0.06256018415851479
0 0.7386654345283501 0.40950338757992694 0.09601361485312836 0.1284427893919517
0 0.8042586125579184 0.42512141132803744 0.09859648091420467 0.14103379465362345
0 0.8708561811943702 0.4189099377069838 0.07936824879205204 0.11503273677523325
0 0.34746609180513316 0.3249882345679203 0.03262105242559432 0.03766659997176518