2 0.81484375 0.67265625 0.19921875 0.51015625
2 0.23359375 0.571875 0.06328125 0.1921875
2 0.01328125 0.56640625 0.02578125 0.1296875
2 0.325 0.52578125 0.04296875 0.10546875
2 0.46640625 0.5265625 0.0234375 0.1046875
2 0.50078125 0.5125 0.028125 0.07421875
2 0.7140625 0.54765625 0.04296875 0.17109375
2 0.05 0.51484375 0.0328125 0.07890625
1 0.25234375 0.584375 0.09609375 0.1453125
1 0.46796875 0.53828125 0.03828125 0.084375
1 0.328125 0.5359375 0.0609375 0.09296875
1 0.50546875 0.5171875 0.03671875 0.0640625
1 0.05546875 0.528125 0.03671875 0.07578125
0 0.83203125 0.703125 0.21875 0.440625