3 0.6704041698859643 0.7254179748329013 0.2939881684111379 0.5485501428552597
3 0.9679984548171726 0.44137380599976384 0.036830366604888455 0.07091251785690744
2 0.37463534601683246 0.5318592950460105 0.1789385433687288 0.38414099512873606
2 0.6529661879421317 0.6203622820570718 0.23570444245775485 0.5787637483751469
2 0.8942509307705556 0.47135558643857306 0.11812006134007831 0.16290119480442442
2 0.9547816922033009 0.4169095941492108 0.06664684137714509 0.11984094155801354
2 0.07849947831563558 0.4922068652591197 0.15699895663127117 0.2215319009729347
0 0.0804649996411049 0.5241972049506942 0.1609299992822098 0.15308190990138842
0 0.37203613567254623 0.5615195215070601 0.21558039309857638 0.270787607141445
0 0.8931323748727731 0.5033868364385731 0.1524752139724832 0.11821598620028233
3 0.9608580774125108 0.44437607507448734 0.05100199400955034 0.07428297970746059