2 0.42882928349562793 0.5905356537287135 0.3455059952754945 0.3304266322988031
2 0.8444543166127378 0.33245406901739943 0.3089633823836209 0.6649081380347989
2 0.7886110220628826 0.6333729066391204 0.4001885831092604 0.6897123522617363
2 0.11714282686435676 0.22434523557202973 0.1907143462712865 0.44869047114405947
2 0.075 0.5 0.15 1
2 0.7254910402038679 0.20641359175566318 0.0915377139724832 0.11868056733052797
2 0.6250644542690185 0.19977670055600338 0.05705358656782167 0.11435516587924913
2 0.5356572138876653 0.1904141134400276 0.06486608656782167 0.11462798439090341
2 0.3239111820364999 0.19858874510585856 0.0243849303072194 0.07263889183263199
2 0.3837772553574776 0.18245282441728605 0.01139385698624169 0.05813988221398514
2 0.4299429272271764 0.20112841334736037 0.04033731252120454 0.08255952885594056
2 0.2680431279528159 0.18961553838976936 0.05470734736759484 0.047167665879249074
3 0.8485589740544665 0.3690995863133676 0.29355165879249084 0.5408532116102307
3 0.7947047654394606 0.6823188381274662 0.3811260698624167 0.5907292152384276
3 0.4183729331328082 0.599484067793864 0.3385466671451935 0.30989587748947967
3 0.13567211597191633 0.3225421441948847 0.27134423194383267 0.45491571161023064
3 0.06335811715304268 0.6296577289486078 0.12671623430608536 0.7406845421027844
3 0.6214483809480408 0.2139483279606651 0.04993056733052796 0.08913691106992569
3 0.5265723905666876 0.2047767138028473 0.06604664065150559 0.10374504809323426
3 0.7273709987340556 0.2196129962021669 0.05272818511654283 0.0798710384745874