2 0.515625 0.625 0.31015625 0.29609375
2 0.13515625 0.39609375 0.2703125 0.6109375
2 0.178125 0.68125 0.35546875 0.6375
2 0.8171875 0.25859375 0.1625 0.44296875
2 0.896875 0.5 0.20546875 1
2 0.253125 0.278125 0.08046875 0.1078125
2 0.34609375 0.26875 0.05 0.10390625
2 0.4296875 0.25703125 0.05625 0.10390625
2 0.62578125 0.2578125 0.01953125 0.06640625
2 0.57109375 0.2453125 0.00859375 0.05390625
2 0.52734375 0.2640625 0.034375 0.075
2 0.678125 0.24765625 0.05 0.0421875
3 0.13046875 0.4328125 0.26015625 0.49140625
3 0.1703125 0.7265625 0.340625 0.546875
3 0.525 0.6328125 0.30390625 0.2765625
3 0.82265625 0.36796875 0.28671875 0.41328125
3 0.90078125 0.65390625 0.18671875 0.6921875
3 0.34921875 0.28125 0.04375 0.08125
3 0.4375 0.2703125 0.05859375 0.09453125
3 0.25078125 0.290625 0.0453125 0.0734375