2 0.5446826275742976 0.6835207573983976 0.37790183302444263 0.3728577312312126
2 0.1521577885594054 0.3830994682887946 0.3025695386442234 0.7161989365775892
2 0.20195941423478656 0.66484375 0.38089294608595203 0.6703125
2 0.8889446935116542 0.31543497021375877 0.2221106129766916 0.5090697050640278
2 0.9089211322139852 0.5331728759271885 0.18215773557202972 0.9336542481456229
2 0.2555506286706061 0.26281633134415217 0.10124009618646852 0.13064232622365468
2 0.36082840571244806 0.263490436507002 0.06670140507947586 0.12395271046687392
2 0.4558408053496284 0.2604480074689848 0.07295140507947587 0.12431673151356133
2 0.6765898149682752 0.2857797493647155 0.02767362141421188 0.0780185841867496
2 0.6142708642426358 0.26499754152867744 0.016190484390903315 0.06175654735504663
2 0.5648983468194407 0.2800541231551783 0.046751003628197195 0.08848564732681172
2 0.7356647146054555 0.28064419930824575 0.06112103847458741 0.05345819994353027
3 0.1441468811176768 0.4216159367187634 0.27912706024376976 0.5807318734375269
3 0.19204126641170483 0.71640625 0.3538542417321155 0.5671875
3 0.5551662597882828 0.6934872915992646 0.36932544119181043 0.35052770492285357
3 0.8571428666048885 0.4302486281345014 0.2857142667902231 0.496614478670964
3 0.9203001202330856 0.6804118969738759 0.1593997595338287 0.6391762060522481
3 0.36444447903342575 0.2777349470303457 0.05796132213985139 0.0969351841585147
3 0.46419894237293696 0.27652803377734403 0.07569445916315995 0.11356124203690507
3 0.2536433882892529 0.2751798234516444 0.05919643992586625 0.08765118942018653