2 0.5324503520379037 0.627219753628197 0.6922110308641594 0.7455604927436059
0 0.517271944046574 0.7289732265863551 0.6163178468468189 0.5420535468272899
2 0.9615800550357928 0.658874135463664 0.07683988992841435 0.2989682680561675
2 0.7927122888272544 0.7059872045234725 0.1775452312312126 0.37108137023308563
2 0.8879653336926394 0.574432158877309 0.05407982622365459 0.09856647477225663
2 0.3287121600574684 0.5034449808475243 0.14838981029746473 0.24531747840045348
2 0.18794294688917132 0.5094444657865818 0.06967400512049751 0.1521279843909035
2 0.2375257179358587 0.5174132224100039 0.056263952503779004 0.13606647477225647
2 0.1312911284874373 0.48719495435383653 0.046085315700310936 0.09516865626060209
2 0.07849235217907805 0.47755457032575277 0.026516268345264306 0.08045139183263199
2 0.04282786796409359 0.48098710517214316 0.03487479991529539 0.09009921034428636
0 0.9533881234375269 0.6819842532496789 0.09322375312494628 0.26524803248413775
0 0.810583057313693 0.6380010963561045 0.0805359104104042 0.12443949400955034
0 0.30547062308459105 0.6398537068009073 0.18267234698799334 0.40556549763774735
0 0.1835739653050228 0.5147495246795893 0.06941639988706054 0.12093254809323425
0 0.23016824424421797 0.5249529038983496 0.04414338410204497 0.11537202885594056