2 0.3967821556338996 0.6531825246914761 0.505524854797019 0.4154270956236369
2 0.7426072191602038 0.47069571497580104 0.17819980639602537 0.5510181202169173
2 0.9319863190854492 0.6117696459885479 0.13602736182910177 0.7289249515990063
2 0.2582680597156751 0.3453841811109427 0.24976469242562419 0.22957036709365922
2 0.06915660450243148 0.6066494549186561 0.133722577669656 0.42576359016268783
2 0.037260668126931504 0.3615142169207086 0.0707761083130605 0.08009656615858277
2 0.4610526921310366 0.41998822961013216 0.06508062021691714 0.17537270472226432
2 0.5274134903356386 0.4117893893492484 0.0822499394987581 0.17234769867214011
0 0.06548215865896174 0.6465159308163552 0.12353853571157006 0.2866465480082102
3 0.4530185200952802 0.6505115217646099 0.37059534289316237 0.3193328247427898
3 0.9325771924256241 0.6664571459885478 0.13484561514875182 0.4320499515990065
3 0.7615390263417962 0.5018366306668456 0.22113167407885986 0.4106476502711464
3 0.24997429156530254 0.39699667808588057 0.297684041958086 0.14078966822512742
3 0.4681612101832133 0.433228572994274 0.06020222267624522 0.1425329336450254
3 0.5391958728491959 0.42265871165615126 0.08524767447164336 0.15049087939029934