2 0.1078125 0.829828854539171 0.19375 0.3395783990890262
2 0.23359375 0.6918427265015371 0.084375 0.14044643992586608
2 0.31328125 0.8257787276826634 0.2390625 0.33491074645662094
2 0.43984375 0.683077817793864 0.0890625 0.37967263103285875
2 0.5234375 0.6957836597191633 0.0765625 0.3214236214142119
2 0.59296875 0.7855430749654403 0.11875 0.3853968413771451
2 0.69765625 0.6678248069092729 0.0765625 0.23548612141421188
2 0.95390625 0.6651263597270125 0.0921875 0.2938442584375206
2 0.90859375 0.6542087070946073 0.0859375 0.209251003628197
2 0.85078125 0.629665064080849 0.075 0.17293155771188112
2 0.78828125 0.5130976121740833 0.0578125 0.1348313569862416
2 0.72265625 0.5200767876719792 0.0734375 0.14943949400955017
2 0.63671875 0.5004215413001762 0.05625 0.12540179328391082
0 0.30390625 0.8776686098966484 0.2953125 0.2337500397405318
0 0.1 0.8832266730508251 0.1625 0.23223712504240906
3 0.44921875 0.7108754355798789 0.0984375 0.30187501324684407
3 0.5125 0.7149156056354793 0.0640625 0.295987111795565
3 0.615625 0.8394394012816427 0.146875 0.2770039880191007
3 0.69375 0.7804612161651001 0.1203125 0.2979514050794759
3 0.97109375 0.7707761590013732 0.0578125 0.3301438569862416
3 0.6453125 0.5376214409373565 0.0640625 0.07411211179556502
3 0.73046875 0.5768352191603249 0.0625 0.15374504809323425
3 0.7890625 0.5693203303229178 0.05 0.1251835384745874