2 0.5768188450772127 0.5915209930727774 0.28268136632260654 0.8169580138544452
2 0.7178302899835054 0.6309194019088651 0.206334163498755 0.7381611961822697
2 0.8844458254811712 0.508310428511665 0.17436143481065614 0.5825568047126849
2 0.718788418579827 0.30523607224384125 0.08955790815498581 0.18550685598499986
2 0.6076319582341279 0.26122364915231366 0.06566576708875882 0.16783134043361098
2 0.48841895698048676 0.26170351984023055 0.06122230799670092 0.12224543836009243
2 0.3325663913954312 0.6458483251650461 0.19618627368616942 0.7083033496699078
2 0.21355431545204148 0.5368922816684256 0.20172087133717148 0.8265214181905552
2 0.05805447321131572 0.5490034279924999 0.10737983795107664 0.7980068559849999
2 0.08018055964605372 0.2649503482093054 0.08496133636823103 0.1882217528747221
2 0.1058100116119755 0.5298036601320368 0.1997084272888085 0.6502323202640736
2 0.34666937767188466 0.31787702445837895 0.12475126207419382 0.21663927879370348
2 0.07243259263643717 0.13257734561740728 0.08509772868809903 0.19290925287472205
0 0.33470320440669726 0.7196275777569442 0.17628764766363733 0.5607448444861116
0 0.5894385170222518 0.6515111477381941 0.2728851660060375 0.696977704523612
0 0.7375948721951013 0.6912513091661799 0.19520278371529914 0.6174973816676401
0 0.8865455345732292 0.5536912790300447 0.18941212179938988 0.5106230161170366
0 0.2098813976636374 0.5981325780397682 0.16825985048748898 0.6942365984921294
0 0.06862591184940234 0.6177240336946758 0.12124845816762093 0.6854480673893516
0 0.09742686177026007 0.5898526033931016 0.10649197321131572 0.553241160132037
0 0.07366848370266398 0.14827069613578692 0.06697220282385159 0.1056047425071295
0 0.09208717775102696 0.32599515494824055 0.0737223079967011 0.12333904665416658