2 0.5753728092475102 0.7324058119554804 0.4608179070543752 0.5351883760890391
2 0.23330265942922432 0.38823710055399596 0.3186990061044355 0.6036778956185733
2 0.8188219210763277 0.4221924957103509 0.36235615784734454 0.6231840650563301
2 0.5218528250784852 0.29756560259906 0.09231805404758582 0.15401756175762477
2 0.5900296149925769 0.288628523290458 0.08754866689245625 0.1523186694377568
2 0.6496093328804011 0.2942624093421199 0.10399918249628826 0.13875627461060622
2 0.4603387929663095 0.2996760203874641 0.06058337516934209 0.11409124373179384
2 0.6828379127085846 0.2733876196878189 0.05113313206674715 0.08261392319868044
3 0.8306601797827551 0.42797949445670963 0.33867964043448995 0.5647350675636126
3 0.5427650271353346 0.741247406439126 0.44446921076327683 0.47316734468150123
3 0.25174612222866605 0.47224002751360006 0.3839345024863909 0.508848780416594
3 0.531596317276569 0.3048696372387961 0.08089587516934209 0.11468227711788863
3 0.6509228493887447 0.30444139139543125 0.08007700361804453 0.09905727711788873
3 0.6002234865438744 0.3045263079301941 0.08213082654882306 0.10847774122451134
3 0.6855501549066686 0.28048706584775285 0.040447937584671044 0.057341138558944314