0 0.6828125 0.709375 0.3296875 0.475
0 0.35859375 0.6390625 0.20546875 0.29140625
0 0.1890625 0.840625 0.36875 0.31796875
0 0.1390625 0.4703125 0.225 0.1234375
0 0.54296875 0.5828125 0.11953125 0.09453125
0 0.8421875 0.63203125 0.0828125 0.17734375
0 0.953125 0.6390625 0.09375 0.1546875
2 0.16640625 0.74296875 0.33203125 0.51328125
2 0.115625 0.41328125 0.23125 0.13671875
2 0.38671875 0.61015625 0.23671875 0.384375
2 0.665625 0.6609375 0.31484375 0.56015625
2 0.953125 0.615625 0.09375 0.1859375
2 0.8453125 0.5953125 0.09765625 0.1984375
2 0.921875 0.465625 0.08515625 0.13359375
2 0.6421875 0.42890625 0.121875 0.08984375
2 0.4703125 0.44296875 0.12421875 0.13671875
2 0.33671875 0.43359375 0.05859375 0.0828125
2 0.56171875 0.55078125 0.08828125 0.09296875