0 0.6775118705378814 0.6612983531223902 0.36468989399541696 0.5153814970593238
0 0.34611770659392305 0.6178028171650274 0.22740418028020856 0.3162335888732951
0 0.18584004891822886 0.8295259684536512 0.3716800978364577 0.34029296585165947
0 0.12024880366788156 0.46577772896910086 0.2375026128415279 0.14665807326946273
0 0.5335280940367356 0.5447769957045868 0.12732752583555573 0.10655097241038014
0 0.8396319704616314 0.5685299197215906 0.09647887575930554 0.18920634215265544
0 0.9435018528704509 0.5646469239054621 0.08812086189159736 0.16535940637700666
2 0.16703745716260396 0.7323577193581624 0.3340749143252079 0.5352845612836752
2 0.1085359325613193 0.4081666248306579 0.2170718651226386 0.1586667503386842
2 0.3749336908263537 0.5866413483726918 0.2655601033422226 0.4134294934412793
2 0.659907449660069 0.6130622489839472 0.3557526115103478 0.6007457869734155
2 0.9432661167381593 0.5412503674830269 0.09041071371520851 0.1966912935321364
2 0.8428485426499648 0.5309070889888959 0.1110505220358334 0.21181832654882307
2 0.919431839287083 0.39190214269779766 0.09542421561506949 0.14389384215265544
2 0.6333495221327426 0.3795846856641071 0.1303434230620141 0.10202724672063965
2 0.4571136772429858 0.4083282406162042 0.13615831838861112 0.15071040818602893
2 0.32128528001652745 0.4107649231124926 0.06450021751493065 0.08921298620519007
2 0.5522787472471176 0.5102415434205947 0.09600479065319459 0.10178822930778501