2 0.51640625 0.7125 0.34296875 0.4625
2 0.7671875 0.33515625 0.184375 0.55
2 0.16484375 0.45390625 0.3296875 0.546875
2 0.471875 0.290625 0.05859375 0.13828125
2 0.4046875 0.29140625 0.05390625 0.13671875
2 0.34921875 0.3046875 0.0734375 0.1203125
2 0.53203125 0.2828125 0.034375 0.10390625
2 0.31328125 0.28984375 0.0328125 0.075
3 0.15625 0.46171875 0.3125 0.49296875
3 0.54921875 0.7109375 0.34296875 0.390625
3 0.76796875 0.41640625 0.2734375 0.4390625
3 0.4640625 0.2984375 0.05625 0.09921875
3 0.35078125 0.3140625 0.05859375 0.084375
3 0.3984375 0.3078125 0.05859375 0.09453125
3 0.31171875 0.296875 0.028125 0.05078125