2 0.5800537688950466 0.6141372232179341 0.4510281971095038 0.5774308936660386
2 0.2356185298927087 0.6936839959428103 0.4115638780232532 0.6126320081143796
2 0.8188362008344814 0.6539228774405749 0.3623275983310371 0.595880884737585
2 0.8242368637015989 0.33685810836585145 0.2113430095477696 0.1737762394466932
2 0.7574334076922474 0.6321627000860208 0.31939599834961463 0.38476037824476333
2 0.4053586543682551 0.4560361712687694 0.1460265854824973 0.21788870373287814
2 0.31735193673654155 0.5850845174531656 0.12523864357108563 0.10829551542127547
2 0.20192600104890718 0.4658453681017887 0.09832094606059653 0.10314436525911966
0 0.8536274431608115 0.7620529772784191 0.29274511367837697 0.37776608441327325
0 0.834168893370593 0.3750166274405749 0.28070831618646536 0.16250354869945854
0 0.7888978178600726 0.7067126866933402 0.3687555356922788 0.31540245210802526
0 0.590778703957981 0.6421122187537073 0.43379223030298275 0.5147127053544359
0 0.3931788856969231 0.4914515198887976 0.1563236228251612 0.14784893912238176
0 0.3519287688950466 0.6181191599046837 0.11441954274124858 0.10966710064862309
0 0.2749420616362952 0.7274180677774773 0.4797918145360803 0.5451638644450455
0 0.2175043794731458 0.506252179790186 0.12071616431701004 0.06920574188232517