2 0.5671716876820789 0.642030066341242 0.5734692638773454 0.50621624396026
2 0.22020248167403023 0.46245297620309883 0.23969112456147998 0.6082263145535659
2 0.05619430878351783 0.6004944654522532 0.11238861756703566 0.7552610690954937
2 0.7418148379095404 0.3116415804260676 0.28537772037968595 0.2771355533436782
2 0.9036967781002584 0.5810777513286343 0.15758959589256777 0.46603907242947373
2 0.9587012489742358 0.32041144723605 0.05356535178688589 0.09158146424430509
2 0.5210447400769872 0.3981842136160853 0.08426620653952135 0.19531224212409226
2 0.4528040760465424 0.39129622695200483 0.1028888725471326 0.19371779121570665
0 0.9066334357049126 0.6236638640557306 0.13754239825029516 0.3180161606107628
3 0.5088007721687593 0.6413442822525373 0.4222649081361268 0.3879769427426137
3 0.04633253604610482 0.674378375603974 0.09266507209220964 0.46999324879205207
3 0.1978353917501424 0.4954248439311651 0.27114275992301284 0.4628499127367947
3 0.745087076540834 0.3651014202743467 0.32849636760421674 0.18877442607271427
3 0.5126910706093348 0.41210319240425797 0.0765518656270503 0.15886455909355418
3 0.43829590707318156 0.4033816387707157 0.10349636760421674 0.1704078369733411