0 0.6323039691603249 0.747340631748231 0.4438244773041454 0.5053187365035381
0 0.3180281927514551 0.6280363699253761 0.27579369600113396 0.3559469597575511
0 0.16245283766412996 0.7904268583030142 0.3249056753282599 0.4121037166060283
0 0.1301363562684515 0.4007364736549982 0.25896331614940155 0.18636816556640987
0 0.5180926801375834 0.6189135141211618 0.1447718413771451 0.1294059253146722
0 0.8136283802302506 0.7470557052073808 0.12406252649368774 0.20575493776222675
0 0.9104388928441225 0.7786744033425699 0.1028770072563944 0.17921574855010752
2 0.16284719646447016 0.685502559962688 0.3256943929289403 0.6053801199253762
2 0.12669889269727225 0.33854412697434616 0.2533977853945445 0.19851296805592078
2 0.35246768013758334 0.6063632020838813 0.32777783665263965 0.4611798340326049
2 0.6262375076349123 0.6989977588228233 0.44704373574166567 0.6020044823543532
2 0.9159721302302506 0.7548108508530589 0.11021828130301117 0.21093934523075966
2 0.8235043772350258 0.7109881506432776 0.14368554573098144 0.2321757278041831
2 0.9277057823145014 0.5982531975337111 0.11315974282842375 0.16129454274124874
2 0.652663631496195 0.4888968952446927 0.14617065027015244 0.12483682448483506
2 0.4735763322218343 0.45809349067594496 0.15879962504240908 0.17410311867597644
2 0.34037445182194775 0.41431741204192496 0.07832838584218216 0.1009956601678251
2 0.5441021086307042 0.5919016508437702 0.11012402286549072 0.11898864357108571