1 0.4640625 0.59921875 0.26484375 0.58828125
1 0.95546875 0.45234375 0.0703125 0.0421875
2 0.4546875 0.53671875 0.25 0.6921875
2 0.22578125 0.4359375 0.06015625 0.14375
2 0.08359375 0.4515625 0.05625 0.15625
2 0.65625 0.44296875 0.046875 0.175
2 0.75703125 0.4484375 0.06484375 0.18984375
2 0.8265625 0.4671875 0.0515625 0.08515625
2 0.95859375 0.45859375 0.08125 0.1
2 0.9 0.38515625 0.04140625 0.0484375
2 0.96328125 0.38515625 0.0546875 0.04140625
0 0.0890625 0.47109375 0.075 0.1375
0 0.2171875 0.45703125 0.06796875 0.1296875
0 0.64296875 0.46171875 0.0796875 0.16484375
1 0.77890625 0.45625 0.1 0.175