2 0.9663460443450923 0.5691620870931468 0.06730791130981544 0.5167448822907381
2 0.8874883124883792 0.6441417035487673 0.22502337502324146 0.5667856493794969
2 0.6508418066924524 0.6999971345669114 0.3215166001890729 0.6000057308661771
2 0.5741330437329617 0.6837531551854849 0.22544409962342513 0.456972728688099
2 0.4366521675784246 0.7155988855894434 0.28778685768194345 0.5460639724198929
2 0.3182630440157856 0.7461224937317938 0.33220123902027676 0.5077550125364123
0 0.9754667661170366 0.6013751935196374 0.049066467765926804 0.4491936694377568
0 0.8953493306316662 0.6825820779219468 0.20930133873666748 0.5336549006331381
0 0.6821403248357394 0.733651518275893 0.29102943487323996 0.5118708288463836
0 0.5751678634313875 0.7133951910788621 0.21196806852064737 0.4098249440483631
0 0.4351381857217116 0.7428289753228868 0.28360791413805464 0.4804844365265156
0 0.3198446678612485 0.7817644770387464 0.363412991329351 0.4364710459225073