2 0.49191029915470547 0.6314295612310804 0.35039038888814866 0.679039964525656
2 0.7089493834778724 0.5048112947305261 0.2697073755603137 0.47892124614248865
2 0.9520518964765031 0.3806276133628621 0.09589620704699371 0.39254605027685524
2 0.5878041576927673 0.45700245527869915 0.12271740063313832 0.2511595866740498
2 0.3527939748606684 0.6653911559246947 0.30260610675569516 0.6447860780361765
2 0.14474579414014052 0.6975084508028789 0.26557746819675077 0.6049830983942421
0 0.9555322491420701 0.42110241903838813 0.08893550171585965 0.31724566162790707
0 0.7211909707040333 0.5220290731081562 0.2508377036152744 0.42000732109634614
0 0.5026492223533859 0.6777037839331845 0.3528956117702601 0.6043403531746041
0 0.37089075699312196 0.6955397308785521 0.2633951910788621 0.5299830983942421
0 0.16225755456498178 0.7613509053063858 0.2868039473470682 0.476897671188631
1 0.5910655500126353 0.4614896961794005 0.10210337226160834 0.1858955320782579