2 0.32421875 0.65546875 0.15703125 0.64765625
2 0.80390625 0.58125 0.15859375 0.4875
2 0.65234375 0.54453125 0.13828125 0.38203125
2 0.559375 0.55 0.11015625 0.34453125
2 0.4421875 0.50078125 0.11484375 0.40546875
2 0.20546875 0.7453125 0.1234375 0.43515625
2 0.1921875 0.51015625 0.08671875 0.10078125
2 0.1375 0.51796875 0.0796875 0.1078125
2 0.04453125 0.640625 0.0890625 0.31875
0 0.053125 0.6953125 0.10625 0.24765625
0 0.1375 0.54609375 0.053125 0.06640625
0 0.18359375 0.8015625 0.1125 0.340625
0 0.43515625 0.54296875 0.09609375 0.284375
0 0.55078125 0.57421875 0.08984375 0.2609375
0 0.6484375 0.59609375 0.12890625 0.2984375
0 0.8078125 0.63203125 0.175 0.34765625
3 0.29609375 0.71640625 0.14140625 0.5671875