2 0.42009907670922625 0.6584307951477337 0.33135828327488764 0.6514685786427291
2 0.6551655978125446 0.5604505085277923 0.2583729764577544 0.4942483418674957
2 0.9351042881527423 0.44034532195020315 0.11959112012708814 0.4128023788403731
2 0.534367902601083 0.5058301689381965 0.11689103977100465 0.25811487884037304
2 0.27134793101129734 0.6850450450065594 0.2776059918790298 0.6124368997458862
2 0.08373625162485308 0.7105287053463765 0.16747250324970617 0.5789425893072471
0 0.9351491526010831 0.4824873193193673 0.11666494317957152 0.3345863735787013
0 0.6657758153451405 0.5785634716960895 0.24324680843869118 0.43249179451244935
0 0.42713428084914157 0.7025070188393745 0.33605369155471826 0.5627700996894166
0 0.29086949838173753 0.7291744766048254 0.25102412661991014 0.5203558155591367
0 0.09737996591103812 0.7781866422063143 0.19475993182207624 0.44271666297065304
1 0.5373974452147569 0.5111169084148528 0.09858532467404083 0.19305132096198285