2 0.40546875 0.6591966345961552 0.2796875 0.6506649418392609
2 0.09609375 0.5639344264071813 0.0953125 0.19773882096198286
2 0.01796875 0.5919221894907738 0.0359375 0.20053062101845248
2 0.1546875 0.497240479094487 0.06875 0.05712923151356133
2 0.1328125 0.4633583027578928 0.0484375 0.054383663111827296
2 0.3078125 0.46175946345064567 0.034375 0.06450211575678075
1 0.425 0.737746568825257 0.2421875 0.48441831555913667
0 0.03359375 0.6121058868740553 0.0671875 0.1320382262518894
0 0.11875 0.5735523501129395 0.1140625 0.11914338410204497
0 0.184375 0.5619176291227218 0.065625 0.12257222099021767
0 0.30625 0.4759129687123176 0.0515625 0.040503173635170954