2 0.28465091689065913 0.7390143154514541 0.3391794412981254 0.43086649581262615
2 0.41279279426548543 0.7963519320275303 0.21276110524208355 0.36118814431968715
2 0.23732458805281195 0.5941277863704606 0.18092661094166687 0.19984645273377594
2 0.6249297715640619 0.7635783648113652 0.26516005983923635 0.4007312455605245
2 0.7996583210509716 0.6959816833649126 0.09633209897381967 0.11749313861970415
2 0.9252226719246522 0.6294829621938046 0.09157317021222226 0.18111859604505726
3 0.2534729988626382 0.7716136480028581 0.2362713404244447 0.3659520539746133
0 0.2083456028704509 0.5992741082782027 0.13386846656500015 0.12167789406758586
0 0.41202907485069373 0.8291644320275303 0.1799836664125003 0.2933779314464527
0 0.6153359128065965 0.8071480483515048 0.29284734232430587 0.3168696977900975
0 0.7821428595199647 0.7447851701233608 0.10403549620027785 0.11335194183801285
0 0.9225327765980549 0.6780297228374664 0.06915265634451373 0.15615144703379294