2 0.5453125 0.64453125 0.23671875 0.6921875
2 0.90546875 0.40546875 0.09765625 0.23984375
2 0.28828125 0.3890625 0.06328125 0.134375
2 0.221875 0.39921875 0.04609375 0.12734375
2 0.15859375 0.39921875 0.0515625 0.13203125
0 0.5546875 0.7 0.228125 0.5859375
1 0.9 0.42421875 0.1265625 0.17265625
2 0.38203125 0.396875 0.046875 0.08671875
2 0.3359375 0.38515625 0.03125 0.065625
2 0.6578125 0.36796875 0.0265625 0.0515625
0 0.3828125 0.39921875 0.0390625 0.05078125
0 0.34140625 0.3921875 0.0421875 0.04765625
0 0.28359375 0.40703125 0.0609375 0.10390625
0 0.2203125 0.41328125 0.0609375 0.11484375
0 0.16171875 0.4015625 0.0484375 0.09453125
0 0.66015625 0.37421875 0.021875 0.0296875