2 0.15675853083967511 0.73046875 0.2813244773041452 0.5390625
2 0.3038195253973795 0.6180344523626047 0.20633436787083284 0.3270006577089813
2 0.43554075135076237 0.5945198996047119 0.21456353012188495 0.29473418927901207
2 0.5872495842903869 0.6298644073560453 0.15325895317271013 0.1913669945971538
2 0.8161483998068164 0.6876369229292993 0.3136657513507622 0.5874214891943076
3 0.8698289605139223 0.7289668491953062 0.2173859736759482 0.4648646787556686
0 0.16179326042125503 0.7853837631541796 0.26813001814098536 0.42923247369164075
0 0.3155035590626435 0.6623759865634717 0.2187401094333124 0.23572321032569973
0 0.44526298093234234 0.649662425913071 0.20149804573098146 0.23315965244730918
0 0.5741146672300115 0.6556078600009986 0.17667660580511538 0.14751057878390342
2 0.7239038469042587 0.613654120383168 0.15093256134007813 0.16940098933548206
2 0.7158904502623032 0.5851195967056446 0.1266270205032381 0.2771378946253886