2 0.84140625 0.71328125 0.2109375 0.57265625
2 0.67109375 0.5609375 0.14375 0.2671875
2 0.54921875 0.54765625 0.15546875 0.2375
2 0.4171875 0.5875 0.1140625 0.15234375
2 0.21875 0.65234375 0.20625 0.4921875
3 0.1765625 0.69296875 0.13515625 0.39375
0 0.8328125 0.7625 0.190625 0.475
0 0.66640625 0.6015625 0.16953125 0.18203125
0 0.5484375 0.59765625 0.15390625 0.18203125
0 0.4328125 0.61015625 0.1421875 0.10625
2 0.2921875 0.58203125 0.11640625 0.1328125
2 0.2953125 0.55546875 0.078125 0.23515625