2 0.0890625 0.79375 0.16875 0.40234375
2 0.21875 0.62421875 0.065625 0.115625
2 0.27890625 0.80546875 0.1890625 0.3890625
2 0.39765625 0.634375 0.0546875 0.32578125
2 0.46953125 0.653125 0.04765625 0.275
2 0.52265625 0.78671875 0.0796875 0.4265625
2 0.621875 0.6453125 0.05234375 0.2
2 0.95234375 0.79609375 0.0953125 0.3484375
2 0.865625 0.6671875 0.1046875 0.24765625
2 0.80546875 0.65234375 0.06328125 0.17578125
2 0.7578125 0.62578125 0.0546875 0.14453125
2 0.71015625 0.51953125 0.04296875 0.1140625
2 0.65234375 0.51953125 0.0546875 0.1234375
2 0.5796875 0.49375 0.04140625 0.10546875
0 0.2671875 0.8515625 0.24375 0.296875
0 0.08046875 0.84140625 0.1453125 0.3171875
3 0.40390625 0.66015625 0.06875 0.25546875
3 0.45859375 0.66875 0.0375 0.25390625
3 0.53984375 0.8359375 0.1109375 0.328125
3 0.61171875 0.7421875 0.0875 0.25078125
3 0.95 0.84375 0.1 0.28125
3 0.871875 0.76640625 0.06953125 0.29296875
3 0.584375 0.52734375 0.05234375 0.05859375
3 0.65625 0.56875 0.0453125 0.12890625
3 0.70703125 0.5671875 0.03671875 0.10546875