2 0.39765625 0.6515625 0.49609375 0.40546875
2 0.7390625 0.47421875 0.1734375 0.5421875
2 0.9296875 0.61328125 0.140625 0.7171875
2 0.26328125 0.3484375 0.24453125 0.225
2 0.0703125 0.60390625 0.140625 0.41875
2 0.03984375 0.3625 0.0796875 0.078125
2 0.4625 0.4234375 0.0625 0.17265625
2 0.528125 0.41484375 0.08046875 0.16953125
0 0.06640625 0.64375 0.13203125 0.28125
3 0.453125 0.64921875 0.3640625 0.3125
3 0.9296875 0.6671875 0.140625 0.425
3 0.7578125 0.50546875 0.21484375 0.40234375
3 0.2546875 0.3984375 0.29296875 0.13671875
3 0.46953125 0.4359375 0.05859375 0.13984375
3 0.53984375 0.42578125 0.08203125 0.1484375