2 0.3686642412144684 0.7404492464755151 0.46236930598006787 0.5191015070489697
2 0.15234973781838237 0.31771140871793263 0.2984255243632353 0.629029262247062
2 0.7798973396087104 0.5458241693146094 0.4191781153562218 0.669277599179452
2 0.48789601403654415 0.3125208815477382 0.08833821406423077 0.16529495850815118
2 0.5632266810631222 0.3252944913006449 0.08355058451458142 0.1633772609976621
2 0.622081246917681 0.35016535935192133 0.10286178901808825 0.14929145020978146
2 0.423172179983388 0.2934856164008912 0.05604734577334849 0.12242037427505377
2 0.6635573480897003 0.33996248777615995 0.049257125230712615 0.08925267676456468
3 0.7894528123108145 0.5559687639206692 0.39486043337024873 0.6052384099673326
3 0.33174523211516976 0.7571748051888033 0.4503513648947964 0.48565038962239343
3 0.1646947532392025 0.3979433603776066 0.329389506478405 0.5427617207552131
3 0.49510773673864816 0.3224878773985534 0.08084708667404979 0.12118976099766207
3 0.6190365900701358 0.3609252605966768 0.07984579117755661 0.10556476099766207
3 0.5674438116925057 0.3452401383962155 0.0821091980251019 0.1166206601678252
3 0.6653503855666291 0.3487338365314045 0.03974242288667433 0.06209818091374952