2 0.5241860622863502 0.7041516055685608 0.4284411810497323 0.5916967888628782
2 0.11767309290079989 0.7523701452228619 0.23534618580159977 0.44266618778015676
2 0.017566618567191637 0.685883675705963 0.03513323713438327 0.3498923514119259
2 0.8132736428485934 0.7897494394295095 0.19411634217421891 0.42050112114098115
2 0.7085239583671419 0.748575487792792 0.06965458511458973 0.19405152837152997
2 0.2658794687919832 0.6707971994586392 0.09181909012915472 0.15098348997087002
0 0.5056884633817068 0.7755946965556454 0.45082098324044556 0.44881060688870916
0 0.12046401722177284 0.7775974657559753 0.21596259844242488 0.39345579796757113
0 0.015140300541360696 0.7139632115993402 0.030280601082721393 0.28730142319868046
0 0.8271853786628285 0.8216442971096415 0.24068981380268895 0.3567114057807171
0 0.7158590852476039 0.7652090583259055 0.08905780298213628 0.16339256175762493