2 0.4484375 0.6234375 0.27578125 0.465625
2 0.79609375 0.64140625 0.2640625 0.546875
2 0.17421875 0.74453125 0.3484375 0.51015625
2 0.16328125 0.4328125 0.15625 0.1234375
2 0.296875 0.67578125 0.20234375 0.30625
2 0.56015625 0.4515625 0.08046875 0.18046875
2 0.6703125 0.5453125 0.090625 0.078125
2 0.74140625 0.41875 0.065625 0.0796875
2 0.9515625 0.5921875 0.096875 0.17890625
0 0.1703125 0.84375 0.340625 0.3125
0 0.16484375 0.46796875 0.22734375 0.09609375
0 0.28828125 0.7453125 0.26875 0.228125
0 0.4453125 0.65 0.27578125 0.40859375
0 0.5796875 0.48046875 0.11015625 0.1109375
0 0.6484375 0.58125 0.08046875 0.08125
0 0.7609375 0.68984375 0.31953125 0.49140625
0 0.95 0.60859375 0.1 0.1359375
0 0.7375 0.45625 0.09765625 0.040625