2 0.5546875 0.578125 0.1828125 0.84375
2 0.6921875 0.6 0.11875 0.74140625
2 0.875 0.4625 0.10859375 0.5578125
2 0.7328125 0.26171875 0.06953125 0.171875
2 0.6265625 0.21796875 0.046875 0.1578125
2 0.50703125 0.21875 0.046875 0.11328125
2 0.3046875 0.62890625 0.109375 0.7421875
2 0.2 0.490625 0.1078125 0.79765625
2 0.02578125 0.5015625 0.0515625 0.784375
2 0.0984375 0.221875 0.06484375 0.17421875
2 0.0890625 0.484375 0.13359375 0.6203125
2 0.35859375 0.27421875 0.10078125 0.19609375
2 0.10625 0.090625 0.06484375 0.18046875
0 0.29765625 0.70078125 0.1078125 0.59296875
0 0.56015625 0.6328125 0.1875 0.71328125
0 0.70390625 0.66328125 0.12109375 0.628125
0 0.871875 0.5078125 0.1328125 0.48203125
0 0.1890625 0.5515625 0.08984375 0.67109375
0 0.034375 0.56875 0.06875 0.66875
0 0.07890625 0.54375 0.04296875 0.5390625
0 0.10625 0.10703125 0.05625 0.0953125
0 0.103125 0.2828125 0.059375 0.11171875