2 0.5144696092629776 0.6051829245698392 0.6761298379510766 0.7896341508603216
0 0.522453256993122 0.7185550781606354 0.6164125424907878 0.5628898436787292
2 0.04292356670568271 0.5087573764634332 0.06557014185764963 0.32063975292686636
2 0.22940428747622293 0.6090442436552882 0.15061038308216101 0.397684041958086
2 0.14170439601428475 0.4405937046240684 0.04835859514371963 0.10495112041330898
2 0.7575399961725693 0.5051037157423582 0.13406407759274241 0.25854881908544913
2 0.911134009104693 0.5489587757526209 0.05789873119538171 0.16437157220870696
2 0.8563101167848248 0.5439531131848343 0.04646112602253183 0.1471204396951496
2 0.9740970103583344 0.5383894352953454 0.04045516693047446 0.10178066861791084
0 0.05233567062489097 0.5369323734383711 0.08157557508545991 0.28011474687674215
0 0.21929585009177757 0.5300925418598901 0.0741314849563052 0.13165906615858275
0 0.7675551568348373 0.661385531999137 0.15174698574772805 0.436746541958086
0 0.9136596155311839 0.5552224112912404 0.06314852084968266 0.13003293364502538
0 0.862051651424561 0.5533599294416129 0.0348871285298145 0.12518180718159222