2 0.45391513778652487 0.6018923688111396 0.42417872528160727 0.5693532996329467
2 0.803102492710533 0.6557791481032706 0.39379501457893407 0.6210978101562905
2 0.2139346299928547 0.6699954396319481 0.3717092891435777 0.575634120736104
2 0.17489500126050772 0.3584964975103384 0.20198810694082042 0.17360264192396552
2 0.28529617776328176 0.6360306923333712 0.30202022997318434 0.38017043131591743
2 0.5960048127766896 0.4351613531672984 0.13629740496334897 0.2133484104104042
2 0.701347512660474 0.5506127769436437 0.11793018119435103 0.10646137357870131
2 0.7938795840640132 0.42677418756580954 0.0927116599070276 0.1018802893919517
2 0.9589588268129834 0.638638608781906 0.08208234637403322 0.20967737884037305
0 0.19692708247452922 0.7745310211878618 0.3086308628929052 0.36343795762427644
0 0.17204850670838936 0.3963150159261899 0.26975476114786484 0.16354437343752695
0 0.2668846673717216 0.709270771258449 0.3503377616520679 0.3145146102127601
0 0.4480693293724361 0.6304723951194988 0.4090893208224614 0.5093412628012437
0 0.613197666615417 0.4678905531814158 0.14878669728589458 0.14716196828879458
0 0.6732278664992014 0.5859811295462448 0.10877370248167448 0.10904034200867016
0 0.7702953465492602 0.6920575533225902 0.45940930690147946 0.5567314732681176
0 0.9600159053415013 0.6576616245669216 0.07996818931699749 0.163909852532014
0 0.7856189698337257 0.46569247439751243 0.11530792574646931 0.06896137357870132