2 0.14750732850881926 0.8325540872261609 0.292981196001134 0.3348918255476782
2 0.2541442528255889 0.6948113609788372 0.10981648801910042 0.14992109514371954
2 0.3598262792344587 0.8182990221033238 0.3144940974524128 0.3634019557933524
2 0.45623503168152946 0.6631534986798517 0.1630952885594054 0.3793645542357774
2 0.541363999830364 0.6664125424907879 0.13920143157316378 0.32091555674305994
2 0.6275246999230312 0.7744954786215921 0.20908240035497058 0.44470004922121226
2 0.7095708520072822 0.6196919698461034 0.12230161905195924 0.23925637978345565
2 0.9367161945655536 0.5871990332530809 0.09775797603820066 0.2962959899708702
2 0.9165128219702154 0.5834829998669859 0.1261706635169965 0.21595527210332383
2 0.8561482408446894 0.5653036497087014 0.1061656983633867 0.17947220282385157
2 0.7777727589008567 0.45822928411101066 0.08292660580511538 0.13977320533113408
2 0.7139458718775481 0.47201298779279205 0.10060517912609299 0.1543358105039836
2 0.6267186903892024 0.46165449782192197 0.07952878729346118 0.13186977711788864
0 0.3573535544622022 0.8664637374635877 0.3470486479078998 0.26707252507282464
0 0.14877716262957016 0.8860655321324536 0.24239586424263576 0.22786893573509276
3 0.47015119874190486 0.6901479076927672 0.1574057945498552 0.305836126022532
3 0.5328421717000629 0.6864977219576744 0.12270341233587008 0.29546091567683314
3 0.6570559432996093 0.8246235107540457 0.21184032340579578 0.34488190564770316
3 0.7213218291417915 0.7310841109123303 0.17615579454985522 0.3063816953020041
3 0.9571700491047246 0.6957162269057324 0.050848259703465 0.33863660266556683
3 0.6387449752355927 0.4979784427282148 0.07778274881887359 0.08186977711788863
3 0.7300321741471336 0.5264420750189529 0.09133930653075488 0.15718802586424746
3 0.7860465611704421 0.5124310508040582 0.07322422359113005 0.13012542069139812