2 0.49453125 0.64375 0.53828125 0.6890625
0 0.50234375 0.74765625 0.5015625 0.5046875
2 0.0640625 0.56953125 0.06328125 0.2796875
2 0.24296875 0.646875 0.10390625 0.34375
2 0.1625 0.50390625 0.034375 0.08984375
2 0.703125 0.52890625 0.1 0.22109375
2 0.8375 0.559375 0.0390625 0.14140625
2 0.78984375 0.55859375 0.03046875 0.1265625
2 0.89296875 0.546875 0.028125 0.0875
2 0.9453125 0.54609375 0.0109375 0.0765625
2 0.9796875 0.55625 0.01953125 0.084375
0 0.06640625 0.59296875 0.09296875 0.2421875
0 0.23203125 0.57890625 0.05625 0.1125
0 0.71484375 0.665625 0.10234375 0.37734375
0 0.840625 0.56484375 0.0453125 0.1109375
0 0.79609375 0.56640625 0.02109375 0.10859375