2 0.6397545361971527 0.5452162317327602 0.45308543773324955 0.9011138555165917
2 0.7983482861971527 0.5479844959362197 0.3590229244864055 0.8010944902574721
2 0.9015178599814664 0.370410695204871 0.19696428003706715 0.6284637394466931
2 0.7366617302145522 0.19009412945928394 0.1321478450053421 0.20686938311602718
2 0.6094990294889128 0.17069747280430642 0.10169645317271012 0.18447618587597076
2 0.48262899464252235 0.20439854261037854 0.0875595421027846 0.13738299756436803
2 0.39031258610448544 0.6416847138791479 0.3392163667745246 0.7166305722417041
2 0.2439708102437698 0.5660750133926806 0.37564991849595586 0.8678499732146389
2 0.1117411528020412 0.6046875 0.20885923337941303 0.790625
2 0.06024061787083288 0.31648411647693575 0.10563990870767297 0.20796823295387146
2 0.15303827539737952 0.6038671140413038 0.2887252934535468 0.7108592280826075
2 0.34320688529402804 0.3034655137964224 0.17402781015895172 0.24351599512873606
2 0.040359649089026124 0.1943363810874323 0.07308037985173242 0.16992276217486463
0 0.4063765849233591 0.7216858595770768 0.28833836913677724 0.5566282808458464
0 0.6653745842903869 0.6081253348170153 0.4189237141421193 0.7724706582765354
0 0.8293825205880561 0.609426556406801 0.3233532645976062 0.6739865194784652
0 0.906979175497896 0.42126012905224686 0.18604164900420805 0.5517648717519414
0 0.2510863949974929 0.6358926355516592 0.3145437489885096 0.7282147288966817
0 0.12494304644877172 0.66953125 0.226205446085952 0.6609375
0 0.13272826459760628 0.6706591477265238 0.22224214318339439 0.5957057865245938
0 0.03475448983319898 0.19033467370110613 0.06034227767481418 0.11816934740221226
0 0.07341522966639796 0.3807375312495881 0.10167660580511531 0.13919095941492107